 Number of surface minima:    27
   #       a.u.         eV      kcal/mol           X/Y/Z coordinate(Angstrom)
     1 -0.00380407   -0.103514   -2.387090      -7.128563   0.971631   4.079438
     2 -0.00372425   -0.101342   -2.337007      -7.191392   1.043396  -4.383294
     3 -0.00370006   -0.100684   -2.321823      -6.639147  -1.823059  -3.294408
     4 -0.00372579   -0.101384   -2.337969      -6.610320  -1.870559   2.941865
*    5 -0.04815586   -1.310388  -30.218287      -6.531101   3.751433  -0.054162
     6 -0.04651394   -1.265709  -29.187961      -6.334051  -3.922512  -0.221518
     7  0.00196998    0.053606    1.236181      -3.345269   2.107807  -2.123620
     8  0.00196541    0.053482    1.233317      -3.219698   1.969281   1.835780
     9  0.00246289    0.067019    1.545489      -3.112004  -2.143588   1.797874
    10  0.00245382    0.066772    1.539799      -3.119771  -2.014148  -2.183851
    11  0.00283138    0.077046    1.776719      -2.193088  -2.277780   1.786565
    12  0.00855115    0.232689    5.365935      -1.903820  -0.019679  -2.143334
    13  0.00862776    0.234773    5.414006      -1.930965  -0.018439   1.771277
    14  0.00863771    0.235044    5.420250       1.927804  -0.021524  -2.150901
    15  0.00854239    0.232450    5.360433       1.902923  -0.018439   1.762784
    16  0.00281281    0.076541    1.765068       2.167249   2.218492  -2.190770
    17  0.00246244    0.067007    1.545209       3.126383   2.032140  -2.204524
    18  0.00244668    0.066578    1.535317       3.094073   2.085472   1.778289
    19  0.00199273    0.054225    1.250456       3.224343  -2.015657  -2.192120
    20  0.00193915    0.052767    1.216833       3.230128  -2.015089   1.783637
    21 -0.00353176   -0.096104   -2.216212       5.880462  -1.271970  -3.656513
    22 -0.00352765   -0.095992   -2.213634       6.145359  -1.085819  -4.036426
    23 -0.04651249   -1.265669  -29.187054       6.363357   3.880007  -0.255143
    24 -0.04815153   -1.310270  -30.215566       6.493737  -3.794977  -0.226277
    25 -0.00364756   -0.099255   -2.288878       6.631180   1.766532   3.086229
    26 -0.00373586   -0.101658   -2.344290       7.121925  -1.020783  -4.463681
    27 -0.00378638   -0.103033   -2.375990       7.165185  -1.006820   4.017117

 Number of surface maxima:    32
   #       a.u.         eV      kcal/mol           X/Y/Z coordinate(Angstrom)
     1  0.01503201    0.409042    9.432736     -10.151310  -0.032253  -1.104727
     2  0.01500518    0.408312    9.415899     -10.149079  -0.018439   0.882877
     3  0.01313781    0.357498    8.244110      -8.379316  -0.940177   4.365813
     4  0.01320200    0.359245    8.284388      -8.463440  -0.903653  -4.632030
     5  0.00098596    0.026829    0.618699      -8.021918  -2.857377  -2.149679
     6  0.00094552    0.025729    0.593324      -8.016732  -2.865657   1.830435
     7  0.00682994    0.185852    4.285853      -7.743989   2.324858  -2.940782
     8  0.00676413    0.184061    4.244558      -7.690105   2.270022   2.778688
     9  0.02730674    0.743054   17.135254      -4.429653  -0.157113   1.539200
    10  0.02721729    0.740620   17.079124      -4.413618  -0.150425  -1.873888
    11  0.01068867    0.290854    6.707248      -2.197114  -0.954764  -1.923411
    12  0.01071996    0.291705    6.726885      -2.161520  -0.933494   1.561756
    13  0.01067530    0.290490    6.698860      -2.183211   0.905195   1.563909
    14  0.01063335    0.289348    6.672533      -2.167662   1.060672  -1.877498
    15  0.02164570    0.589010   13.582896      -0.039463  -0.010814  -1.861676
    16  0.02162667    0.588492   13.570950      -0.012479   0.012362   1.482342
*   17  0.05325668    1.449188   33.419102      -0.032349   4.501467  -0.140451
    18  0.05317788    1.447044   33.369650       0.075817  -4.529422  -0.157337
    19  0.01072169    0.291752    6.727970       2.098453   0.907621  -1.946186
    20  0.01072384    0.291810    6.729316       2.163836  -0.956815  -1.932327
    21  0.01064678    0.289714    6.680959       2.179953  -0.954761   1.532954
    22  0.01075184    0.292573    6.746890       2.166813   1.028619   1.513114
    23  0.02731142    0.743182   17.138190       4.346482   0.005879   1.472317
    24  0.02714875    0.738755   17.036112       4.421481   0.102002  -1.922832
    25  0.00685747    0.186601    4.303133       7.724362  -2.311898  -3.073143
    26  0.00676803    0.184167    4.247007       7.756683  -2.324285   2.592837
    27  0.00099918    0.027189    0.626994       7.994571   2.834326   1.772726
    28  0.00091479    0.024893    0.574040       8.082916   2.821386  -2.209044
    29  0.01316285    0.358179    8.259822       8.418155   0.907621  -4.712764
    30  0.01317063    0.358391    8.264701       8.454603   0.940338   4.228819
    31  0.01501788    0.408657    9.423868      10.133317  -0.003963  -1.216661
    32  0.01502404    0.408825    9.427733      10.145328  -0.014111   0.773011
