 Number of surface minima:    20
   #       a.u.         eV      kcal/mol           X/Y/Z coordinate(Angstrom)
     1 -0.04902076   -1.333923  -30.761020      -6.986352   3.443465  -0.002166
     2 -0.04902005   -1.333903  -30.760571      -6.983137  -3.442856  -0.005394
     3  0.01056332    0.287443    6.628591      -5.945539  -0.012236  -1.892238
     4  0.01055305    0.287163    6.622147      -6.053296  -0.002687   1.859161
     5  0.00742971    0.202173    4.662217      -3.295829  -2.126946   1.953611
     6  0.00742619    0.202077    4.660007      -3.261736   1.995390   2.002123
     7  0.00737262    0.200619    4.626394      -3.258265   2.131905  -1.961168
     8  0.00738251    0.200888    4.632597      -3.160329  -1.993099  -2.011130
     9  0.01405527    0.382463    8.819823      -1.938364   0.011955  -1.965469
    10  0.01416685    0.385499    8.889838      -1.979077  -0.012400   1.943299
    11  0.01417017    0.385590    8.891922       1.904581   0.016957  -1.957675
    12  0.01405094    0.382346    8.817107       1.995137  -0.010546   1.950922
    13  0.00742548    0.202057    4.659561       3.190119  -1.992797  -2.010179
    14  0.00743676    0.202364    4.666639       3.210997   2.120122  -1.979536
    15  0.00737926    0.200800    4.630561       3.318494  -2.127922   1.950698
    16  0.00737902    0.200793    4.630412       3.314371   2.104980   1.975422
    17  0.01053917    0.286785    6.613436       5.958375  -0.011598  -1.891304
    18  0.01051665    0.286173    6.599302       5.997104   0.010502   1.869011
*   19 -0.04903218   -1.334233  -30.768182       6.983132  -3.443218  -0.034141
    20 -0.04902777   -1.334113  -30.765417       6.992188   3.426221  -0.037432

 Number of surface maxima:    18
   #       a.u.         eV      kcal/mol           X/Y/Z coordinate(Angstrom)
*    1  0.06243840    1.699035   39.180722      -7.884733   0.015418   0.009944
     2  0.03325713    0.904972   20.869180      -4.398997  -0.003566  -1.654382
     3  0.03330444    0.906260   20.898871      -4.406523  -0.003566   1.645450
     4  0.01651402    0.449369   10.362712      -2.100610  -1.066982   1.695898
     5  0.01647314    0.448257   10.337059      -2.103345  -0.934512  -1.748930
     6  0.01648015    0.448448   10.341459      -2.070553   0.936378   1.738273
     7  0.01651583    0.449419   10.363850      -2.163379   0.980465  -1.725738
     8  0.05839740    1.589074   36.644951       0.016212  -4.520202  -0.010639
     9  0.02767934    0.753193   17.369060       0.062783   0.026176  -1.677894
    10  0.02782091    0.757045   17.457900      -0.004200  -0.016122   1.663225
    11  0.05835367    1.587884   36.617511       0.047302   4.520138   0.010253
    12  0.01651553    0.449410   10.363658       2.133414  -1.067048   1.696054
    13  0.01654754    0.450282   10.383749       2.131937  -0.933656  -1.745259
    14  0.01655584    0.450507   10.388953       2.112466   0.984609  -1.725738
    15  0.01651971    0.449524   10.366284       2.131898   1.040571   1.709443
    16  0.03330141    0.906178   20.896970       4.362539  -0.003566  -1.655620
    17  0.03322245    0.904029   20.847422       4.393365   0.028403   1.644104
    18  0.06242828    1.698760   39.174373       7.878873   0.030652   0.022545
