   169
     1   -6.093536   -5.758696   -0.378142      2
     2   -2.166442   -5.779223   -0.387996      2
     3    0.019770   -5.948448   -0.381293      2
     4    2.204264   -5.758558   -0.373216      2
     5    0.016293   -5.223202   -0.378546      3
     6  -12.795596   -3.336834    0.907866      2
     7   -4.091281   -4.605496   -0.373784      2
     8    6.130040   -5.701648   -0.383004      2
     9  -14.527030   -2.557602    2.084126      2
    10  -12.667440   -2.786266    0.617773      3
    11  -12.804717   -3.312700   -1.565356      2
    12   -9.922135   -3.068568   -0.337569      2
    13   -6.067905   -3.489539   -0.357787      2
    14    4.117523   -4.566576   -0.378547      2
    15  -12.675532   -2.773260   -1.270389      3
    16  -14.169120   -0.624774    5.583308      2
    17   -2.083566   -3.516761   -0.368585      2
    18  -14.545764   -2.516604   -2.717738      2
    19  -15.972713   -0.999746    2.082369      2
    20  -14.111403   -0.689423    3.315517      2
    21   -8.089878   -2.354259   -0.339470      2
    22  -12.282961   -0.456763    4.638330      2
    23    2.099763   -3.497073   -0.375631      2
    24   -4.052641   -2.316865   -0.356406      3
    25    6.084366   -3.432460   -0.386363      2
    26  -14.133390   -0.679006    0.943636      2
    27   -9.992042   -1.509695   -0.323689      2
    28    0.002495   -2.376915   -0.367933      2
    29  -15.986592   -0.954614   -2.683421      2
    30  -14.140904   -0.657619   -1.548730      2
    31   -6.067980   -1.205807   -0.336833      2
    32    4.058025   -2.278862   -0.379061      3
    33    9.932071   -2.978432   -0.403649      2
    34  -13.654535    1.162703    4.546639      2
    35  -12.527617   -0.082540   -0.302432      2
    36   -2.032018   -1.203703   -0.359842      2
    37  -14.130395   -0.629866   -3.920415      2
    38    8.092684   -2.278601   -0.397068      2
    39   12.488830   -2.652991   -0.420852      2
    40   -8.161281   -0.061680   -0.318244      3
    41    2.026354   -1.184562   -0.366902      2
    42   13.675945   -1.256346    4.399676      2
    43   12.246081   -2.363380   -0.420096      3
    44  -14.202245   -0.523745   -6.186459      2
    45   -4.041026   -0.042316   -0.343887      2
    46  -12.308909   -0.385016   -5.250821      2
    47    6.062859   -1.148563   -0.390527      2
    48  -13.894412    1.247502   -0.286955      2
    49    9.995953   -1.400793   -0.409948      2
    50   -0.008290   -0.023697   -0.359264      3
    51  -10.012395    1.353777   -0.295503      2
    52   13.877936   -1.294201   -0.434557      2
    53   -6.079311    1.101359   -0.315556      2
    54    4.024458   -0.004898   -0.374346      2
    55   12.304421    0.361394    4.518711      2
    56   14.197966    0.520884    5.450321      2
    57  -12.262404    2.316460   -0.278587      3
    58   -2.042859    1.137264   -0.344878      2
    59  -13.669515    1.241096   -5.120912      2
    60    8.144693    0.014647   -0.402819      3
    61  -12.505129    2.606089   -0.274863      2
    62   -8.109011    2.231464   -0.295555      2
    63   14.122110    0.608328    3.183787      2
    64    2.015378    1.156442   -0.364911      2
    65   12.510987    0.035775   -0.427434      2
    66   13.615252   -1.240785   -5.268020      2
    67   -9.948320    2.931328   -0.278198      2
    68   -4.074383    2.231536   -0.316546      3
    69    6.051266    1.158689   -0.395107      2
    70   14.125742    0.620898    0.811788      2
    71   15.973552    0.932862    1.939312      2
    72   -0.019065    2.329535   -0.350882      2
    73   -6.100576    3.385158   -0.292637      2
    74   14.115150    0.622542   -1.680632      2
    75    9.975286    1.462808   -0.417420      2
    76    4.035852    2.269701   -0.385734      3
    77   -2.116055    3.449618   -0.313675      2
    78   12.254309    0.386994   -5.370705      2
    79    8.073034    2.307307   -0.407859      2
    80   14.086379    0.617841   -4.052280      2
    81   15.952259    0.928798   -2.826574      2
    82   14.526163    2.488815    1.967375      2
    83    2.066700    3.469505   -0.379846      2
    84   14.140308    0.534514   -6.319722      2
    85   12.658517    2.736225    0.515258      3
    86   -4.133642    4.519124   -0.289717      2
    87    6.050963    3.442516   -0.401566      2
    88    9.905205    3.021742   -0.420779      2
    89   12.786004    3.276637    0.804863      2
    90   12.650375    2.729673   -1.372775      3
    91   14.512695    2.492437   -2.834577      2
    92   -6.146025    5.654187   -0.265506      2
    93    4.074226    4.558404   -0.396103      2
    94   12.780291    3.279874   -1.668569      2
    95   -0.032868    5.176075   -0.340541      3
    96   -2.220176    5.710870   -0.283436      2
    97   -0.036339    5.900573   -0.337937      2
    98    2.149200    5.731978   -0.393715      2
    99    6.076368    5.711742   -0.412327      2
   100   -6.450391   -6.340143   -0.382515      1
   101   -1.843570   -6.404171   -0.393394      1
   102    1.887418   -6.386611   -0.372591      1
   103  -10.685024   -4.398894   -0.345831      1
   104  -14.447475   -3.269379    2.066625      1
   105    6.491856   -6.279771   -0.383005      1
   106   -5.409222   -4.608030   -0.369444      1
   107   -2.778573   -4.615496   -0.377983      1
   108  -14.507217   -0.885527    6.174988      1
   109  -14.468303   -3.228830   -2.712335      1
   110    2.805184   -4.588978   -0.374354      1
   111    5.435540   -4.557003   -0.383009      1
   112  -14.683296   -1.243893    2.112066      1
   113   -9.520203   -2.402334   -0.333466      1
   114  -16.697348   -0.873871    2.068591      1
   115  -11.572833   -0.625579    4.708795      1
   116   -6.727103   -2.352302   -0.345808      1
   117  -13.551958   -0.148073    4.529164      1
   118   10.701814   -4.304222   -0.402147      1
   119   -1.377827   -2.382336   -0.358885      1
   120  -14.698104   -1.202181   -2.723376      1
   121    1.383129   -2.369259   -0.376963      1
   122  -16.710742   -0.826749   -2.664064      1
   123  -13.597328   -0.062384   -0.299016      1
   124   13.728678   -1.983547    4.409667      1
   125    6.733219   -2.288878   -0.389997      1
   126  -10.776779   -0.081310   -0.307905      1
   127    9.525520   -2.315570   -0.404250      1
   128  -13.706806    1.889827    4.564474      1
   129  -14.545861   -0.771423   -6.780552      1
   130   -5.393218   -0.048759   -0.328037      1
   131  -11.600399   -0.557011   -5.328922      1
   132  -13.575171   -0.070374   -5.127851      1
   133   -2.699127   -0.036110   -0.360001      1
   134   14.034158   -1.972348   -0.435619      1
   135  -14.050550    1.925640   -0.280654      1
   136    2.682554   -0.011083   -0.357755      1
   137   13.572634    0.054507    4.396374      1
   138   11.594781    0.529106    4.596510      1
   139    5.376636    0.001541   -0.390740      1
   140   14.540658    0.775828    6.041883      1
   141   13.662732   -1.968486   -5.280175      1
   142   -9.541847    2.268485   -0.287559      1
   143   10.760161    0.034414   -0.419245      1
   144   -6.749543    2.241685   -0.302898      1
   145   13.580697    0.015702   -0.432434      1
   146  -13.717315    1.968822   -5.125253      1
   147   -1.399552    2.321838   -0.329450      1
   148   16.698171    0.807990    1.918676      1
   149   14.684101    1.175147    1.981377      1
   150    1.361106    2.334992   -0.372306      1
   151  -10.717913    4.257074   -0.259568      1
   152   13.521387    0.070695   -5.260845      1
   153    6.710272    2.305285   -0.399684      1
   154   11.545297    0.560010   -5.441509      1
   155   16.676433    0.800091   -2.814079      1
   156    9.503354    2.355459   -0.416542      1
   157   14.663776    1.177934   -2.854158      1
   158   -5.451644    4.509593   -0.282307      1
   159   -2.821318    4.541475   -0.297403      1
   160   14.445723    3.200718    1.957390      1
   161   14.479345    0.788069   -6.913974      1
   162    2.761550    4.568327   -0.388157      1
   163    5.392171    4.561000   -0.403722      1
   164   -6.507781    6.232284   -0.256953      1
   165   14.435887    3.204555   -2.821658      1
   166   10.667929    4.352162   -0.429086      1
   167   -1.903199    6.338803   -0.275587      1
   168    1.826201    6.356872   -0.397041      1
   169    6.433164    6.293225   -0.416727      1
