    97
     1   -6.464908   -6.300677   -0.059120      1
     2   -1.859007   -6.373345   -0.047475      1
     3    1.839832   -6.375990   -0.071115      1
     4  -10.781177   -4.285321   -0.051076      1
     5    6.445833   -6.310575   -0.059108      1
     6   -5.419016   -4.570708   -0.044806      1
     7   -2.789641   -4.583068   -0.041411      1
     8    2.773219   -4.587267   -0.049864      1
     9    5.402611   -4.578981   -0.046644      1
    10   -9.522043   -2.354426   -0.031479      1
    11   -6.731959   -2.314268   -0.030452      1
    12   10.765206   -4.301945   -0.038017      1
    13   -1.387846   -2.351131   -0.022201      1
    14    1.374849   -2.353149   -0.034965      1
    15    6.719026   -2.324609   -0.026627      1
    16  -12.554139    0.008084   -0.009062      1
    17  -10.676934    0.006627   -0.008905      1
    18    9.509045   -2.369047   -0.026912      1
    19   -5.399950    0.002524   -0.007721      1
    20   -2.702872    0.000601   -0.024865      1
    21    2.693492   -0.003749    0.003206      1
    22    5.390571   -0.005697   -0.013944      1
    23   -9.518395    2.365879    0.014240      1
    24   10.667553   -0.009708   -0.012785      1
    25   12.544758   -0.011138   -0.012630      1
    26   -6.728372    2.321404    0.013156      1
    27   -1.384200    2.349907    0.017135      1
    28    1.378437    2.347947   -0.003266      1
    29  -10.774526    4.298730    0.033223      1
    30    6.722550    2.311187    0.000587      1
    31    9.512639    2.351391    0.000797      1
    32   -5.411925    4.575668    0.041621      1
    33   -2.782530    4.583936    0.042701      1
    34    2.780197    4.579960    0.005279      1
    35    5.409576    4.567650    0.006516      1
    36   -6.455131    6.307198    0.061982      1
    37   10.771746    4.282368    0.012522      1
    38   -1.849086    6.372526    0.071198      1
    39    1.849513    6.370218    0.004110      1
    40    6.455454    6.297676    0.012932      1
    41   -6.107065   -5.719739   -0.054292      2
    42   -2.179811   -5.748392   -0.045438      2
    43   -0.009246   -5.934185   -0.055930      2
    44    2.161597   -5.751575   -0.063613      2
    45   -0.008667   -5.179813   -0.050182      3
    46   -4.100511   -4.571103   -0.043044      2
    47    6.088887   -5.729078   -0.054936      2
    48   -9.954429   -2.999059   -0.038021      2
    49   -6.073274   -3.451481   -0.037897      2
    50    4.084108   -4.577332   -0.048225      2
    51   -2.094580   -3.485217   -0.032133      2
    52   -8.089398   -2.317813   -0.030728      2
    53    2.079844   -3.488339   -0.042356      2
    54   -4.062303   -2.276935   -0.027865      3
    55    6.058590   -3.460791   -0.036515      2
    56   -9.945118   -1.464174   -0.022967      2
    57   -0.006500   -2.351906   -0.028577      2
    58   -6.076613   -1.160563   -0.019148      2
    59    9.940437   -3.014369   -0.030616      2
    60    4.049425   -2.283157   -0.028491      3
    61  -12.113481    0.007742   -0.009026      2
    62   -2.039515   -1.169761   -0.023885      2
    63    8.076456   -2.330236   -0.026730      2
    64   -8.124580    0.004652   -0.009121      3
    65    2.028335   -1.172942   -0.015446      2
    66   -4.045962    0.001557   -0.016091      2
    67    6.065450   -1.169863   -0.020279      2
    68    9.933481   -1.479429   -0.021594      2
    69   -0.004690   -0.001611   -0.010832      3
    70   -9.942846    1.476288    0.005526      2
    71   -6.074811    1.166673    0.002644      2
    72    4.036583   -0.004718   -0.005571      2
    73   -2.037702    1.169751   -0.004207      2
    74    8.115200   -0.007770   -0.012506      3
    75   -8.085804    2.327049    0.013587      2
    76    2.030125    1.166598    0.000230      2
    77   12.104101   -0.010802   -0.012666      2
    78   -4.058775    2.279919    0.014002      3
    79   -9.949777    3.011185    0.020572      2
    80    6.067217    1.157433   -0.006551      2
    81   -0.002885    2.348693    0.006929      2
    82    9.935719    1.461130   -0.004330      2
    83   -6.067922    3.457526    0.027287      2
    84    4.052894    2.273819   -0.000932      3
    85   -2.089179    3.485056    0.029790      2
    86    8.079996    2.314755    0.000524      2
    87    2.085154    3.482072    0.001402      2
    88   -4.093422    4.574010    0.042211      2
    89    6.063851    3.448409    0.003800      2
    90    9.945014    2.996053    0.004712      2
    91   -6.098189    5.725725    0.055149      2
    92    4.091068    4.568021    0.005754      2
    93   -0.000708    5.176790    0.028535      3
    94   -2.170872    5.748163    0.061095      2
    95   -0.000126    5.930743    0.034286      2
    96    2.170335    5.745276    0.004670      2
    97    6.097615    5.716721    0.010765      2
